1005727
10096985
106609
108742
110482
1115448
1132735
1157008
1187133
1188178
1208186
125411
1256828
132662
1339606
135441
138343
139366
139560
139560
141535
141535
141535
143719
150243
1535736
159168
1612921
1656164
1684565
1721954
1764615
177666
177878
177878
178
1831392
1854680
186963
1911577
1938033
196127
196127
203640
208348
209357
209357
212607
212607
2161753
217858
218253
218726
219019
219019
2229884
223963
224257
22685292
229448
229448
232499
233005
233228
233358
233588
237362
240529
240529
242103
243243
244921
244921
245089
246822
2504808
250574
251057
251057
252279
258951
260246
260559
260646
26265
266382
268661
268661
268661
268661
271476
2719128
2726266
273630
273630
274645
279627
285618
285618
288606
2886724
290656
290774
291893
293454
2937
293766
295398
296919
296919
29970
301449
305684
305684
3063231
306582
306685
306685
3071
308502
308763
314303
317512
3222639
328805
333275
35345
36443
36677
372784
375579
379322
390316
391300
397609
397609
39774
4137547
424303
427720
427720
44484503
451762
489307
49199225
504654
506989
5080169
508723
513265
513265
513972
514175
520175
523463
524094
536133
537067
539870
541875
542528
545402
5655856
584754
58655
596150
596456
5978620
599269
620420
6393308
63947
6538100
661806
661898
685434
699579
707713
70775
71245
723175
724502
72618
73238
737667
7514
7551375
789346
794097
796129
80525
80525
809949
82422
858386
87660
877877
87958
88050
88782
88782
89791
917052
98002
